NY
Seattle
0.0 0.0 0.0 0.0 0.0 -0.387289 0.0 0.17858 -0.0853525 -0.079863 San Francisco
-0.0109966 0.0 0.248183 -0.043767 0.0 -0.214119 0.191462 0.0 -0.10818 0.0 Austin
0.0 0.0123479 0.103442 0.0 0.131586 0.0 0.0 0.066278 0.0 0.0 Los Angeles
0.076413 0.0 0.378513 0.0 0.0 0.0491201 -0.155261 -0.226025 -0.305468 -0.235213 Dublin
0.0945475 0.0 0.0 -0.074445 0.480832 0.0 -0.152461 0.0 -0.0322206 0.0273644 Leeds
0.0697865 -0.216463 -0.67949 0.231843 0.0 0.0 -0.100908 -0.0349126 0.215439 -0.0977325 London
0.0 -0.123509 0.65927 0.081718 0.081718 0.081718 0.0 0.0815145 0.0 0.214514 Cairo
Mumbai
0.113087 0.211248 Delhi

NY
Seattle0.0 -0.000923 0.0542505 0.126106 0.0 0.0 0.0 0.0 0.0 0.0418488 
San Francisco